-0.14183224737644196
0.09445328265428543
0.0013331994414329529
-0.03946094214916229
-0.01939772069454193
-0.034173835068941116
0.050616972148418427
-0.0759986937046051
0.18634775280952454
-0.06424229592084885
0.1699591875076294
-0.03028693236410618
-0.225450336933136
-0.08510742336511612
-0.020933624356985092
0.016204655170440674
-0.1385393589735031
-0.13547924160957336
-0.05966558679938316
-0.07907602936029434
0.09750345349311829
-0.04913468286395073
0.0033320561051368713
0.05299810320138931
-0.17619389295578003
-0.3294657766819
-0.0918271616101265
-0.1441740095615387
0.11468984186649323
-0.14490900933742523
-0.0029176753014326096
-0.09960833936929703
-0.2110697478055954
-0.050433408468961716
-0.07563037425279617
0.054723285138607025
-0.022858358919620514
-0.06912802904844284
0.16058947145938873
-1.3165175914764404e-05
-0.11588048934936523
-0.04241909086704254
-0.026111852377653122
0.2983497381210327
0.15976688265800476
0.032014913856983185
0.002504078671336174
-0.07493710517883301
0.04481002688407898
-0.2531110644340515
0.09431663155555725
0.10358437895774841
0.08952592313289642
0.052884116768836975
0.09833579510450363
-0.1245868131518364
0.011888116598129272
0.023708168417215347
-0.2364715337753296
0.09645885229110718
0.03637994825839996
0.048631347715854645
-0.01638653501868248
-0.02087630331516266
0.23510988056659698
0.08473147451877594
-0.09731706231832504
-0.07856233417987823
0.13111825287342072
-0.25944945216178894
0.05846668779850006
0.07202787697315216
-0.002768527017906308
-0.21711060404777527
-0.1969318687915802
0.09144662320613861
0.43149179220199585
0.25203949213027954
-0.1621914505958557
0.017350785434246063
-0.20013195276260376
-0.061937857419252396
0.14042970538139343
-0.027038060128688812
-0.10373993963003159
0.08201516419649124
-0.13429409265518188
0.08677223324775696
0.186737522482872
-0.007748618721961975
-0.0421728789806366
0.23573236167430878
0.02591842971742153
-0.004951074719429016
0.05448157340288162
-0.01971353590488434
-0.13665641844272614
0.023220956325531006
-0.08523786813020706
-0.024577289819717407
0.08065054565668106
-0.09595637023448944
0.04019346833229065
0.07963567227125168
-0.15820400416851044
0.12504518032073975
0.051765263080596924
-0.08177684992551804
0.006274618208408356
0.031059235334396362
-0.1891435980796814
-0.10529676079750061
0.15804797410964966
-0.29867124557495117
0.15228036046028137
0.17398223280906677
0.055686332285404205
0.15758836269378662
0.046055279672145844
0.03560379892587662
0.030107498168945312
-0.021364398300647736
-0.07652947306632996
0.01749948412179947
0.00951918214559555
-0.02708103507757187
0.07462014257907867
0.0055023133754730225
